"" : 
        {
        "info" : "",
        "input_conv_expression_ids" : [""],
        "pooling_stage" : 0,
        "color" : [1.0, 1.0, 1.0],
        "output_channel_labels" : ["", "", "", "", "", "", "", ""],
        "input_channel_labels" : ["", "", "", "", "", "", "", ""],
        "weights" : [
            [[0, 0, 0, 0, 0, 0, 0, 0],
            [0, 0, 0, 0, 0, 0, 0, 0],
            [0, 0, 0, 0, 0, 0, 0, 0],
            [0, 0, 0, 0, 0, 0, 0, 0],
            [0, 0, 0, 0, 0, 0, 0, 0],
            [0, 0, 0, 0, 0, 0, 0, 0],
            [0, 0, 0, 0, 0, 0, 0, 0],
            [0, 0, 0, 0, 0, 0, 0, 0]],

            [1, 1, 1, 1, 1, 1, 1, 1],

            [[0, 0, 0, 0, 0, 0, 0, 0],
            [0, 0, 0, 0, 0, 0, 0, 0],
            [0, 0, 0, 0, 0, 0, 0, 0],
            [0, 0, 0, 0, 0, 0, 0, 0],
            [0, 0, 0, 0, 0, 0, 0, 0],
            [0, 0, 0, 0, 0, 0, 0, 0],
            [0, 0, 0, 0, 0, 0, 0, 0],
            [0, 0, 0, 0, 0, 0, 0, 0]]
            ]
        },